2
8
4
6
3
7
4
7
1
7567
223
1113
58
12
4
0
8
9
655
2
8
4
6
3
7
4
2
8
4
6
3
7
4
7
1
7567
223
1113
58
12
4
0
8
9
655
2
8
4
6
3
7
4
2
8
4
6
3
7
4
7
1
7567
223
1113
58
12
4
0
8
9
655
2
8
4
6
3
7
4
2
8
4
6
3
7
4
7
1
7567
223
1113
58
12
4
0
8
9
655
2
8
4
6
3
7
4
2
8
4
6
3
7
4
7
1
7567
223
1113
58
12
4
0
8
9
655
2
8
4
6
3
7
4
2
8
4
6
3
7
4
7
1
7567
223
1113
58
12
4
0
8
9
655
2
8
4
6
3
7
4
2
8
4
6
3
7
4
7
1
7567
223
1113
58
12
4
0
8
9
655
2
8
4
6
3
7
4
2
8
4
6
3
7
4
7
1
7567
223
1113
58
12
4
0
8
9
655
2
8
4
6
3
7
4
2
8
4
6
3
7
4
7
1
7567
223
1113
58
12
4
0
8
9
655
2
8
4
6
3
7
4
2
8
4
6
3
7
4
7
1
7567
223
1113
58
12
4
0
8
9
655
2
8
4
6
3
7
4
2
8
4
6
3
7
4
7
1
7567
223
1113
58
12
4
0
8
9
655
2
8
4
6
3
7
4
2
8
4
6
3
7
4
7
1
7567
223
1113
58
12
4
0
8
9
655
2
8
4
6
3
7
4
2
8
4
6
3
7
4
7
1
7567
223
1113
58
12
4
0
8
9
655
2
8
4
6
3
7
4
2
8
4
6
3
7
4
7
1
7567
223
1113
58
12
4
0
8
9
655
2
8
4
6
3
7
4
2
8
4
6
3
7
4
7
1
7567
223
1113
58
12
4
0
8
9
655
2
8
4
6
3
7
4
2
8
4
6
3
7
4
7
1
7567
223
1113
58
12
4
0
8
9
655
2
8
4
6
3
7
4
2
8
4
6
3
7
4
7
1
7567
223
1113
58
12
4
0
8
9
655
2
8
4
6
3
7
4
2
8
4
6
3
7
4
7
1
7567
223
1113
58
12
4
0
8
9
655
2
8
4
6
3
7
4
2
8
4
6
3
7
4
7
1
7567
223
1113
58
12
4
0
8
9
655
2
8
4
6
3
7
4